      MDL_FS0 = 0.000000D+00
      MDL_FS1 = 0.000000D+00
      MDL_FM0 = 5.000000D-08
      MDL_FM1 = 0.000000D+00
      MDL_FM2 = 0.000000D+00
      MDL_FM3 = 0.000000D+00
      MDL_FM4 = 0.000000D+00
      MDL_FM5 = 0.000000D+00
      MDL_FM6 = 0.000000D+00
      MDL_FM7 = 0.000000D+00
      MDL_FT0 = 0.000000D+00
      MDL_FT1 = 0.000000D+00
      MDL_FT2 = 0.000000D+00
      MDL_FT3 = 0.000000D+00
      MDL_FT4 = 0.000000D+00
      MDL_FT5 = 0.000000D+00
      MDL_FT6 = 0.000000D+00
      MDL_FT7 = 0.000000D+00
      MDL_FT8 = 0.000000D+00
      MDL_FT9 = 0.000000D+00
      MDL_CABI = 2.277360D-01
      AEWM1 = 1.279000D+02
      MDL_GF = 1.166370D-05
      AS = 1.184000D-01
      MDL_YMB = 4.700000D+00
      MDL_YMT = 1.720000D+02
      MDL_YMTAU = 1.777000D+00
      MDL_MTA = 1.777000D+00
      MDL_MT = 1.720000D+02
      MDL_MB = 4.700000D+00
      MDL_MZ = 9.118760D+01
      MDL_MH = 1.250000D+02
      MDL_WT = 1.508336D+00
      MDL_WZ = 2.495200D+00
      MDL_WW = 2.085000D+00
      MDL_WH = 5.753088D-03
